10001167
10002462
10002647
10003270
10003419
10003497
10004975
10005351
10005422
10005667
10005966
10006158
10006852
10014635
10014914
10014959
10015534
10016093
10016239
10018239
10018923
10018963
10018973
10019747
10023439
10023547
10024648
10025321
10025387
10025596
10025788
10025841
10028634
10031856
10033081
10033150
10033231
10053224
10055061
10055196
10055660
10055674
10055700
10056425
10056474
10057676
10059338
10063188
10064768
10064921
10065692
10065848
10066568
10068389
10068462
10068556
10068801
10068810
10068892
10069570
10070717
10070754
10071249
10073601
10074716
10079226
10080974
10081026
10083309
10083480
10086465
10087394
10087522
10088136
10088162
10089773
10090400
10090853
10091729
10092485
10093930
10094550
10095409
10095427
10096249
10098590
10118422
10118942
10122158
10123207
10124436
10129349
10130225
10130853
10131030
10131438
10131857
10132247
10132667
10133590
10134740
10135447
10136291
10136807
10139791
10140216
10140513
10141036
10145279
10146348
10147072
10147635
10148026
10152650
10152909
10153739
10155219
10155286
10155731
10156534
10156597
10157443
10157507
10157826
10158173
10158548
10158813
10159217
10161092
10161943
10162436
10162765
10162795
10163776
10164065
10164561
10165084
10186053
10186075
10186608
10186764
10186796
10187017
10188458
10188964
10189920
10196240
10196517
10196797
10198347
10198415
10198761
10199187
10199289
10200377
10201197
10202184
10202294
10203255
10203751
10206192
10206307
10206340
10206840
10207059
10207078
10207258
10207321
10207623
10208303
10208330
10212620
10213931
10214328
10215584
10220213
10220795
10221370
10223027
10224100
10224535
10226276
10226870
10227872
10229796
10231564
10231806
10252281
10252692
10253776
10253943
10254023
10254051
10256752
10257683
10257750
10258402
10262542
10262841
1026309
10263213
10263341
10263800
10264167
10264774
10264989
10265130
10265705
10267242
10268744
10271721
10272641
10272858
10272923
10273236
10273246
10273643
10274218
10274244
10275084
10276033
10280586
10281890
10282002
10285722
10286616
10286749
10287323
10288002
10288127
10289211
10290457
10290718
10291535
10291683
10292064
10292814
10293335
10295224
10296065
10296297
10297313
10297802
10297952
10319045
10319352
10319709
10320170
10322381
10322948
10324098
10324412
10328498
10329661
10330312
10331686
10334441
10337695
10339342
10339439
10340641
10351059
10351085
10351792
10351820
10352615
10353044
10353676
10354997
10355672
10355856
10356057
10357764
10358632
10359308
10359999
10361019
10361895
10362043
10363224
10383429
10383488
10383668
10383777
10384255
10385708
10386229
10386904
10388249
10389037
10389280
10389393
10394522
10394570
10394576
10394772
10394814
10395638
10395652
10396693
10397567
10397646
10398120
10398597
10402207
10402819
10403036
10403690
10405285
10405887
10415576
10415654
10416550
10417308
10417364
10417424
10417911
10418503
10418894
10420202
10420236
10420734
10420822
10422287
10422900
10422975
10423340
10426331
10426854
10427193
10428124
10448807
10449846
10450536
10450939
10451090
10451213
10451228
10453652
10454113
10459696
10459987
10461221
10461323
10461347
10461757
10462940
10464113
10467570
10467704
10467881
10468528
10468794
10469976
10469984
10470634
10471148
10471780
10473049
10473692
10474071
10480806
10480861
10481156
10482001
10482750
10483436
10483504
10484679
10484817
10485765
10488243
10489073
10489108
10489244
10491771
10492041
10492800
10493440
10513837
10514084
10514430
10514458
10515966
10516096
10517437
10518222
10518551
10518652
10522084
10522320
10524715
10525092
10525282
10525475
10525592
10525595
10526356
10527661
10527754
10528286
10529091
10532751
10533369
10534377
10534485
10535643
10537708
10538371
10538796
10545034
10545152
10546977
10548114
10549480
10550429
10552202
10552614
10552972
10553844
10554179
10555186
10555618
10579554
10580834
10582841
10585938
10586004
10586565
10587122
10587702
10590683
10590857
10592249
10592335
10592678
10592802
10592924
10593078
10593351
10593626
10597307
10597648
10598507
10598558
10599192
10599712
10600899
10600926
10602015
10602374
10602391
10602976
10603170
10603958
10604255
10604297
10604460
10610027
10610250
10612325
10612854
10613112
10613466
10614382
10614602
10614707
10615249
10616057
10618005
10618251
10618721
10619191
10622799
10644253
10647243
10647493
10649021
10649096
10651320
10651413
10651578
10651961
10652967
10653383
10655953
10656124
10656197
10656536
10657617
10657633
10658378
10658947
10659100
10659654
10659842
10661783
10662595
10662618
10663042
10663892
10664975
10665179
10665957
10666510
10666592
10666932
10667832
10667886
10667966
10669123
10669672
10669876
10670371
10670445
10678016
10679246
10681464
10681717
10683647
10684286
10684837
10684843
10685630
10685794
10685892
10709799
10711145
10711154
10712891
10713398
10717090
10717091
10718491
10718832
10718976
10721710
10721900
10722175
10723388
10723618
10723766
10724027
10724620
10724634
10726810
10727789
10727922
10727953
10728179
10728467
10728715
10729645
10730618
10731424
10731839
10732098
10732526
10734425
10735519
10735575
10735926
10736390
10736591
10742794
10743092
10743515
10745242
10745554
10745775
10746111
10746881
10747240
10747862
10748390
10749112
10750173
10751494
10752913
10753962
10775748
10775968
10776256
10777782
10777816
10777903
10778969
10779177
10782908
10784013
10784425
10785374
10785390
10785623
10788166
10788451
10789202
10790188
10792949
10793771
10793872
10793890
10794087
10794838
10794845
10796378
10797526
10799530
10800478
10800643
10801063
10801138
10801273
10801714
10802837
10808339
10809277
10809457
10810140
10811720
10812837
10812870
10813660
10813670
10814711
10815204
10815604
10816214
10816748
10817660
10818544
10841730
10842231
10842958
10847321
10848618
10848737
10848891
10849073
10849499
10849541
10850420
10854564
10857496
10857750
10857953
10858331
10858520
10858780
10859779
10859941
10860202
10862889
10863535
10864324
10864711
10865371
10866415
10866694
10873176
10873344
10873444
10874822
10876469
10876854
10877915
10878084
10879372
10879812
10880958
10881810
10903016
10903291
10904269
10907196
10907312
10907438
10908196
10908262
10908322
10908442
10909336
10909629
10909933
10909967
10910310
10910674
10910802
10910839
10910889
10918731
10920182
10920273
10920447
10920681
10920690
10920746
10921258
10921388
10922167
10922821
10923629
10931578
10931849
10933384
10934758
10934929
10935437
10935595
10935662
10935853
10936814
10936833
10959362
10960750
10961390
10962686
10962723
10962775
10963065
10964223
10964344
10964584
10966212
10966458
10967119
10971974
10972252
10972627
10972860
10972873
10973854
10973903
10974053
10974873
10976252
10976504
10976775
10976896
10977040
10977629
10977751
10977859
10978008
10978644
10978646
10978872
10979181
10979438
10979742
10983401
10987386
10988009
10989210
10990267
10990438
10990861
10991239
10991271
10991398
10991673
10991769
10991989
10992126
10992345
10992390
10992711
11013201
11015261
11015392
11017626
11017907
11018203
11018283
11018710
11018745
11018874
11018887
11018922
11019452
11019752
11019954
11020101
11020211
11020675
11021413
11026472
11026764
11026843
11027005
11027337
11027406
11027708
11028372
11028575
11029151
11029396
11029423
11029516
11031040
11032402
11032660
11032670
11033302
11037219
11037290
11038241
11042388
11043208
11043770
11043806
11043831
11043832
11044196
11044315
11044547
11045134
11045542
11045572
11045656
11045822
11046496
11070918
11071936
11072164
11072334
11072472
11072852
11073208
11073211
11073297
11073377
11073567
11073623
11073910
11074380
11074543
11075448
11075908
11076239
11081504
11081729
11081838
11082784
11083308
11083319
11083613
11083701
11084022
11084302
11084620
11085809
11086729
11087027
11087371
11090395
11090673
11090674
11091033
11097821
11098013
11122789
11125706
11125764
11125958
11126673
11126701
11127190
11127479
11127586
11127820
11128041
11128126
11128910
11129153
11129289
11129480
11129945
11133758
11133969
11134456
11134530
11134608
11134682
11134982
11135168
11135286
11135910
11136139
11136338
11136421
11136578
11136854
11137075
11138087
11138101
11138375
11138542
11140732
11141358
11143958
11145563
11145672
11146152
11146230
11146647
11147596
11151753
11151915
11152252
11152312
11152753
11152777
11152823
11153026
11175619
11177727
11177729
11177749
11177941
11177986
11178080
11178396
11179629
11179815
11179832
11180130
11180222
11180361
11180468
11180779
11181345
11181428
11182608
11182716
11182765
11182897
11182901
11183539
11188067
11188192
11188219
11188956
11189432
11189959
11190322
11190768
11191130
11191444
11191557
11192141
11193681
11196191
11196614
11196785
11197047
11197101
11197457
11199105
11199228
11199783
11200191
11200573
11204531
11228549
11230630
11230757
11231241
11231549
11231601
11231992
11232225
11233180
11233567
11234114
11234625
11234888
11234897
11235672
11235721
11236536
11241927
11242734
11243169
11243349
11243761
11244118
11244530
11244855
11244968
11245307
11247049
11249981
11250139
11250152
11250488
11250780
11250788
11251136
11251837
11252233
11252437
11252706
11253076
11253226
11253571
11253827
11255615
11284131
11284239
11284655
11284798
11285712
11285767
11287679
11287936
11288285
11288686
11288779
11288888
11289128
11289335
11289398
11289515
11289615
11289760
11289822
11293804
11294195
11294218
11294717
11295426
11295851
11296211
11296464
11297585
11298371
11298561
11298714
11298776
11299941
11302791
11303065
11303381
11305250
11305377
11307599
11307875
11307947
11308295
11308660
11308764
11308784
11336984
11337566
11337714
11337770
11337785
11337843
11337883
11338091
11338267
11338437
11339000
11339247
11339964
11340165
11341237
11341723
11342410
11342694
11347982
11349014
11349188
11349490
11350341
11350954
11351140
11352756
11352865
11353313
11356138
11357004
11357670
11357686
11357931
11358669
11358755
11359175
11360704
11360886
11361075
11361765
11362148
11362947
11389296
11389393
11389437
11389889
11390183
11390300
11390592
11390595
11390838
11391047
11391391
11393580
11394497
11394905
11395018
11395028
11395438
11395485
11396108
11401156
11401173
11401466
11401708
11401755
11402951
11403325
11403437
11403626
11404916
11408200
11409529
11410217
11410398
11410549
11410622
11411163
11411378
11413138
11413158
11414700
11414707
11414712
11415061
11441797
11442175
11442227
11442897
11443139
11443271
11443558
11444012
11444160
11444313
11444676
11444811
11445189
11445774
11445985
11446143
11446280
11446443
11446691
11447802
11448266
11450315
11453627
11453721
11453905
11454149
11454275
11455176
11455925
11456172
11456246
11456449
11456735
11460626
11462629
11462723
11462972
11463411
11465443
11465784
11465869
11465942
11467550
11468340
11493683
11494130
11494310
11494312
11494511
11494646
11494717
11494864
11495084
11495120
11495710
11495906
11496000
11496569
11496573
11497012
11498178
11498298
11499428
11502021
11502920
11505872
11506336
11506607
11506699
11506988
11507653
11507895
11508776
11508970
11509173
11509207
11509277
11509608
11509728
11509792
11512096
11513798
11514322
11515377
11515815
11516242
11517524
11518492
11518592
11518690
11519074
11519991
11521197
11521352
11546335
11546913
11547239
11547924
11548834
11548940
11550154
11550399
11550492
11550567
11550629
11551404
11551628
11551746
11551758
11554100
11554998
11558127
11558398
11558593
11559263
11559478
11559645
11559818
11560044
11560273
11560324
11560431
11560498
11560939
11560948
11563791
11564307
11564787
11565158
11567375
11567563
11567572
11568605
11568705
11569659
11569693
11571396
11571479
11572172
11597759
11598116
11598312
11598402
11599067
11599342
11599875
11600024
11600208
11600413
11600698
11600717
11601202
11601532
11602449
11602582
11603098
11605129
11606451
11606796
1160789
11611414
11612171
11612274
11612603
1161345
11614827
11615224
11615498
11615560
11615617
1161618
11616594
11617014
11617501
11617622
11617751
11617894
11618043
11618522
11620833
11621198
11621486
1162220
11622328
11623012
11623314
11623629
11623951
1162746
1163621
11649294
11649705
11651083
11651091
11651457
11651861
11652159
11652870
11653073
11653236
11653285
11653958
11654113
11654142
11654210
11654380
11656653
11656670
11657684
11658270
11658322
11658849
11658954
11658976
11661782
11661993
11663151
11665627
11665692
11666115
11667799
11667928
11668036
11668246
11669113
11669342
11669475
11669622
11670880
11671226
11671923
11673900
11674102
11674236
11674343
11674666
11674692
11700132
11700185
11700257
11700370
11701888
11702086
11702195
11703230
11703604
11703756
11704163
11704739
11706449
11707304
11707798
11708997
11709205
11709619
11710193
11710224
11713094
11713245
11713510
11716190
11716326
11717120
11717716
11718839
11721374
11721438
11721613
11721791
11722424
11722551
11723674
11724851
11725034
11725401
11725482
11725564
11751499
11751833
11751835
11752083
11752707
11753010
11753018
11753722
11754056
11754082
11754352
11755188
11756873
11757739
11758055
11758140
11758683
11759860
11760264
11760319
11760969
11767058
11768149
11768249
11768642
11768731
11769142
11769182
11770790
11771333
11771760
11771962
11772905
11772920
11773146
11773616
11774310
11775041
11775398
11775511
11775797
11802431
11802504
11802892
11802939
11802968
11803021
11803629
11804677
11805390
11805460
11805489
11805689
11805792
11807840
11807844
11808481
11808970
11809507
11817405
11817562
11817929
11818906
11819363
11819446
11819760
11820688
11821140
11821439
11822666
11823661
11823838
11824403
11824976
11854377
11854674
11854679
11854835
11855110
11855694
11856178
11859239
11860626
11861099
11861614
11861823
11862360
11862382
11867867
11868246
11868264
11869095
11870991
11871882
11872068
11872655
11873252
11875500
11903733
11904151
11904306
11904591
11904671
11904702
11904929
11905562
11905840
11906271
11908744
11909754
11910256
11910642
11912716
11912764
11913545
11913802
11918583
11919829
11920541
11920678
11924268
11924919
11925044
11925474
11953581
11953849
11953957
11954278
11954316
11954465
11954582
11954989
11955410
11957092
11958844
11960107
11960363
11960470
11961034
11961541
11961545
11967478
11968404
11968514
11968749
11969378
11970698
11970987
11971123
11971190
11971405
11971890
11971940
11973853
11973921
11973944
11974090
11974612
12003253
12003742
12003963
12004766
12004945
12004971
12004995
12005162
12006471
12006637
12007085
12007247
12007304
12007558
12008680
12008797
12008916
12009337
12011851
12012004
12012082
12012725
12013334
12016555
12017139
12017760
12017985
12018857
12020532
12020590
12020797
12021387
12021844
12021906
12022038
12022376
12024065
12024120
12052691
12053169
12053188
12053419
12053490
12055136
12055345
12055632
12055770
12056767
12056819
12057621
12057742
12058075
12058443
12058556
12059210
12060058
12060088
12061741
12066292
12067001
12068975
12069127
12069569
12069570
12070025
12070114
12070550
12070650
12071521
12072767
12102573
12104584
12104686
12105681
12109388
12109442
12110266
12110726
12110800
12114999
12115227
12116393
12116644
12116830
12117023
12117099
12117309
12117790
12117868
12118044
12118434
12118682
12119230
12119968
12119979
12120230
12120327
12121207
12121377
12121435
12121656
12122085
12122151
12152850
12153021
12153346
12153827
12154726
12155459
12156542
12157006
12157223
12158327
12158574
12159282
12159715
12159919
12164879
12166194
12166770
12166946
12167086
12167361
12167521
12168406
12169845
12170774
12201782
12202431
12203243
12203455
12204642
12206268
12207099
12207440
12207732
12208273
12208809
12215647
12215872
12216750
12216782
12217154
12217239
12217281
12218433
12219282
12219439
12252278
12252410
12253106
12254159
12254389
12254817
12255028
12255875
12255981
12256693
12257026
12257887
12258300
12258330
12264089
12265063
12265509
12266731
12268190
12268408
12268739
12301444
12302104
12302516
12304485
12305574
12306265
12306497
12306695
12306763
12307309
12307366
12314750
12314910
12314927
12314973
12316100
12316200
12316494
12317678
12350093
12352228
12352536
12353648
12356204
12356649
12365293
12366461
12366537
12366681
12367827
12401103
12401274
12401315
12403474
12406029
12406689
12407468
12417021
12418005
12418184
12418339
12418504
12418515
12418840
12453551
12453667
12454201
12454554
12454560
12455117
12455203
12455504
12458419
12458539
12459622
12459729
12470054
12506130
12506290
12506768
12507415
12507577
12553816
12555589
12555902
12556503
12598914
12599878
12600075
12600471
12600652
12601771
12602335
12603035
12603159
12643786
12645107
12645202
12645224
12647227
12647649
12689984
12690711
12691122
12691710
12691734
12735106
12736056
12737278
12784394
12784683
12784998
12785083
12833300
12885086
1292798
1294122
1294385
1294756
1429505
1432587
1433593
1433730
1433803
1434591
1435467
1435573
1569842
1571780
1572175
1572201
1572780
1575886
1576144
1576469
1577912
1717618
1719297
1720425
1725190
1725552
1725732
1726211
1726245
1864183
1864855
1865567
1865595
1865747
1867706
1868101
1868918
1870057
1872166
1872324
1995859
1996721
2010607
2011145
2011891
2013502
2013883
2014684
2015820
2016676
2016706
2017157
2017541
2018392
2140446
2141928
2142095
2142628
2156178
2157901
2158208
2158410
2163856
2164123
2164327
2164874
2165450
2167774
2283075
2283093
2284679
2285032
2285598
2285898
2297785
2300503
2303367
2305590
2305930
2305992
2307683
2309469
2309550
2309595
2310129
2422073
2422539
2422998
2423153
2423824
2424191
2424822
2424934
2424955
2425631
2437692
2438368
2439233
2441995
2442118
2443573
2443903
2444348
2445426
2447529
2447604
2447932
2448225
2449020
2449703
2450412
2450729
2451509
2554924
2555437
2556387
2556640
2568563
2569126
2569639
2571238
2571868
2572089
2573092
2578198
2578811
2578869
2579142
2583386
2583884
2693261
2694337
2695267
2695975
2696115
2696628
2696732
2697082
2707526
2708156
2709271
2710472
2711432
2714397
2716608
2718321
2719795
2831788
2833697
2834230
2836038
2837133
2837475
2845408
2845610
2846051
2849125
2852862
2852961
2856756
2856795
2858440
2859567
2860010
2860851
2970396
2970584
2973894
2975717
2984102
2987113
2987123
2987372
2988988
2991448
2992350
2994493
2995130
2995197
2996019
2996112
2998253
3096473
3097912
3098045
3098716
3099019
3099949
3100193
3101090
3101129
3101632
3102230
3102384
3102411
3102479
3103685
3109520
3111383
3112021
3112152
3112889
3113433
3114408
3115178
3115946
3118806
3120320
3120486
3120585
3120889
3121940
3122185
3128488
3216467
3217051
3217554
3218637
3219256
3221239
3221671
3222220
3222519
3222670
3223000
3223213
3230227
3231503
3231985
3234666
3234703
3235616
3236379
3236748
3238211
3238859
3240411
3240556
3240670
3241374
3241581
3241947
3246460
3323943
3326304
3326790
3329196
3336731
3337740
3339894
3341261
3341498
3343931
3345780
3346501
3346779
3347054
3347146
3347395
3347643
3348134
3352624
3353043
3355015
3356438
3424072
3424105
3424541
3425476
3425675
3425802
3425851
3426898
3427720
3427850
3428447
3429018
3429205
3429637
3429738
3430379
3430893
3431022
3431244
3431321
3432732
3432802
3437637
3438609
3438633
3438740
3439031
3440495
3441230
3441784
3443483
3443790
3444374
3446775
3449907
3453419
3455146
3455760
3455843
3457618
3458097
3458387
3458643
3459109
3459199
3526061
3526625
3527032
3527708
3527891
3528656
3529276
3529480
3529597
3530520
3530823
3531478
3532113
3532734
3532985
3533464
3539408
3539483
3543433
3544595
3545147
3545478
3545753
3546046
3547041
3547105
3548732
3553319
3553885
3557606
3558144
3559502
3560093
3560181
3629496
3630240
3631092
3631402
3631821
3632418
3633057
3633152
3633847
3633889
3634384
3634487
3634488
3634720
3640905
3642038
3642422
3643774
3644223
3644958
3645232
3646933
3651360
3654361
3654437
3654897
3656231
3656476
3656761
3657002
3658136
3658812
3660374
3660498
3660820
3660976
3661135
3661494
3662233
3663200
3729799
3729833
3729884
3730125
3730801
3733028
3733209
3733735
3735269
3735699
3735871
3736289
3736401
3736477
3742673
3744043
3744681
3745153
3747777
3747860
3748691
3749487
3750375
3750614
3750783
3750891
3750926
3751222
3754895
3756031
3758458
3758731
3759654
3759814
3760337
3761641
3761660
3761840
3830833
3831992
3833399
3833455
3833819
3835996
3836105
3836439
3837107
3838180
3839310
3847071
3847697
3848385
3848948
3849027
3850559
3853555
3854679
3854781
3854943
3858714
3860139
3860176
3860253
3860413
3860823
3861595
3863402
3863838
3864567
3866099
3869326
3934458
3935651
3935987
3936327
3936658
3936736
3936921
3936993
3937217
3938291
3939679
3941283
3941538
3941581
3942203
3942719
3942911
3952307
3952580
3953057
3955590
3956527
3958400
3964632
3965304
3967300
3967859
3968545
3974163
3974811
4035667
4036007
4036300
4037915
4038445
4039306
4039831
4040211
4040928
4041405
4041406
4042300
4042951
4042977
4043389
4044655
4045066
4048951
4049576
4049901
4055294
4056079
4056266
4056365
4057076
4057744
4058004
4058963
4059089
4060284
4060545
4064179
4064447
4065054
4069447
4070631
4070714
4070746
4071524
4072729
4072740
4072847
4077835
4077941
4078743
4135933
4136374
4139784
4139805
4139914
4140726
4141210
4141376
4141483
4141815
4142229
4143369
4143460
4143755
4143913
4147993
4149966
4156166
4157282
4160876
4164738
4164910
4165030
4168909
4169130
4169517
4173339
4175481
4177025
4180396
4241369
4243486
4243623
4243796
4243803
4244973
4247542
4249128
4249357
4252080
4260884
4262040
4262505
4269391
4270423
4271039
4273491
4275625
4276070
4276716
4278221
4279700
4280251
4281490
4284099
4284281
4284581
4345370
4345388
4346201
4346319
4346661
4346893
4346953
4347652
4348593
4348666
4349452
4350501
4351319
4357662
4365827
4366445
4366880
4371406
4371615
4372082
4373195
4373485
4374106
4374169
4376841
4377638
4378473
4378838
4379850
4380775
4383388
4385594
4445711
4446181
4446300
4446405
4448636
4448737
4450844
4457351
4457352
4457395
4457761
4459408
4459786
4460015
4465324
4465529
4469602
4469886
4470280
4470779
4470937
4474383
4475934
4476422
4478281
4479314
4479889
4480358
4481029
4543171
4543229
4543371
4543412
4544587
4545314
4545474
4546625
4547204
4547348
4547830
4548564
4548615
4548647
4553892
4554770
4554810
4554830
4555456
4556646
4557817
4567097
4567326
4569298
4570120
4570555
4571351
4571650
4571904
4574610
4575645
4577048
4577484
4578246
4578488
4580189
4581434
4585508
4586099
4586875
4633907
4634310
4638317
4638884
4639291
4640537
4640930
4641439
4641621
4644949
4645474
4645692
4646012
4646245
4646477
4647715
4648485
4648848
4649476
4651366
4659706
4659821
4661505
4662555
4662939
4663185
4663468
4663478
4663801
4663975
4664895
4669400
4671313
4671547
4671738
4672403
4677271
4677300
4677684
4677837
4679104
4681323
4726049
4731138
4732015
4735859
4736074
4736611
4737942
4738255
4738610
4738764
4738909
4739728
4739932
4740598
4741931
4742461
4743924
4750456
4751953
4754121
4754348
4754881
4755204
4755467
4756112
4756133
4756219
4756244
4756445
4756864
4756934
4758368
4760954
4761037
4763063
4764420
4764422
4764559
4770149
4770846
4771707
4772014
4772722
4773539
4774298
4814198
4814689
4818312
4818496
4821839
4824292
4826087
4828670
4829781
4829985
4830268
4831769
4832225
4832376
4832773
4833039
4833377
4833670
4840401
4840514
4841753
4842436
4843143
4845306
4845694
4846457
4848756
4850315
4851217
4851948
4856799
4858315
4859338
4863753
4902641
4902701
4904447
4906950
4907665
4907832
4908025
4912702
4912918
4913049
4914234
4914923
4915148
4915387
4918708
4918925
4920044
4920808
4929697
4930269
4930560
4930617
4930889
4930906
4931073
4931389
4933594
4934550
4935950
4936438
4937204
4939895
4940439
4940916
4945337
4946401
4947253
4948344
4948479
4949422
4949473
4950323
4951617
4952717
4953192
4953262
4989900
4990198
4991033
4991732
4995049
4995218
4995788
4995956
4996173
4997023
4999260
5000307
5002605
5002776
5004660
5005217
5005508
5006454
5006817
5007122
5008996
5009393
5016065
5017711
5021305
5021453
5021689
5022571
5024268
5024272
5024456
5024750
5024851
5025895
5026008
5026178
5026399
5031925
5032140
5033245
5033804
5034571
5035849
5038397
5039392
5039409
5039427
5040572
5041311
5042210
5042253
5078240
5083936
5084148
5084157
5084662
5087542
5088148
5088362
5088536
5090928
5091962
5094118
5095159
5095232
5095946
5097690
5104175
5104573
5104731
5104949
5105399
5107003
5108170
5110725
5112438
5112481
5112786
5113061
5113910
5121605
5122421
5123145
5123226
5123659
5126724
5127106
5127701
5128171
5129011
5130305
5131276
5164458
5167473
5168382
5168713
5172229
5174642
5175152
5175621
5180026
5181651
5181839
5182451
5183325
5183581
5183935
5184199
5184276
5184285
5184472
5196152
5199439
5199859
5202286
5206997
5208056
5210624
5211720
5211806
5212962
5214711
5217733
5218022
5219465
5219773
5219998
5252847
5253542
5254812
5257167
5264406
5265256
5265656
5266416
5269165
5270737
5270933
5271626
5272829
5281249
5282288
5282875
5283798
5283958
5284127
5284647
5285357
5285607
5287610
5288607
5288716
5289571
5289959
5294231
5297605
5300767
5303942
5304515
5304891
5304900
5305535
5305902
5307203
5307930
5308778
5309121
5339823
5344460
5344612
5351659
5352540
5353108
5353178
5353186
5353200
5356201
5357275
5358969
5359600
5360548
5360757
5361145
5371516
5371626
5371676
5371756
5372141
5373561
5374118
5374221
5374814
5380775
5382824
5383248
5383275
5383359
5384584
5385245
5385518
5387770
5389557
5390438
5390769
5391911
5392313
5392657
5394705
5396587
5426041
5428254
5429911
5430514
5430779
5431016
5431807
5435961
5436082
5436582
5436814
5437206
5437909
5439339
5439372
5440852
5443741
5446927
5449290
5450439
5450445
5456027
5456612
5457518
5457811
5458880
5459287
5459494
5459855
5460741
5461344
5461447
5462797
5471396
5471548
5472976
5478010
5478864
5479821
5512589
5512777
5514024
5514079
5514974
5515314
5516133
5516982
5517118
5517310
5517442
5521210
5522071
5522575
5522786
5523099
5524045
5524229
5524720
5524844
5525572
5526083
5528757
5530375
5530935
5531278
5534253
5534910
5542222
5543462
5544606
5544763
5545104
5545340
5546141
5546749
5547077
5553032
5553307
5553963
5557807
5557808
5558488
5559516
5559777
5561278
5563078
5563343
5563915
5565380
5566037
5566078
5566273
5597965
5598645
5598789
5599579
5599763
5602545
5603049
5607242
5611192
5611371
5612549
5615439
5616033
5616250
5617342
5617601
5620305
5620596
5620671
5620720
5622709
5623097
5623391
5623562
5629080
5629783
5636540
5636780
5636956
5638865
5640750
5640843
5641322
5647974
5648425
5653970
5683538
5685000
5685279
5687841
5689219
5689343
5689606
5693454
5694720
5695396
5696081
5698093
5698156
5701051
5702180
5703348
5706341
5706760
5706892
5707338
5707560
5709564
5709664
5717058
5717301
5717541
5721762
5722826
5723165
5723909
5724947
5726023
5726892
5726966
5727419
5728401
5730384
5730703
5730952
5732636
5733555
5734838
5735505
5737282
5769244
5770923
5771915
5772710
5773155
5773345
5774557
5774568
5779724
5780424
5780782
5781782
5782127
5782671
5784094
5786771
5787509
5788332
5788354
5790807
5791135
5791521
5791844
5791889
5792108
5792421
5792900
5792983
5793427
5793628
5794038
5795250
5795475
5795626
5795648
5801591
5806522
5808398
5808438
5810333
5811766
5814204
5816540
5816671
5819094
5822889
5822936
5855568
5856730
5856836
5856931
5857548
5857618
5857724
5858034
5858641
5858947
5859492
5860093
5866138
5866724
5866737
5866965
5872236
5872509
5877364
5879265
5879728
5880360
5881733
5882005
5891982
5892169
5892369
5892704
5893765
5893926
5896480
5899383
5903484
5903499
5905600
5905655
5905822
5905907
5906289
5940060
5940273
5943345
5950668
5950854
5955122
5955168
5956105
5959615
5960710
5960899
5961597
5961985
5962180
5962551
5963732
5965040
5976238
5978324
5978448
5981329
5981666
5981697
5982708
5983299
5983822
5987871
5990250
5990753
6019416
6026188
6032639
6032981
6033938
6034166
6034893
6035199
6037102
6037660
6037858
6041223
6043187
6044054
6045299
6047087
6047339
6047683
6048671
6049366
6049399
6049459
6057532
6060867
6060903
6061867
6062984
6065699
6067314
6067958
6067987
6070366
6070419
6072762
6101471
6103934
6104786
6106152
6114507
6114539
6115575
6116048
6116940
6117196
6117517
6118479
6118670
6119407
6122562
6122976
6123202
6123710
6124244
6125893
6126808
6127825
6128428
6128774
6128830
6129108
6129411
6129632
6129877
6130752
6131093
6131884
6139561
6140030
6140132
6140947
6142932
6142964
6144777
6145937
6148227
6181896
6183478
6185790
6188215
6188269
6191288
6191340
6192043
6192431
6196457
6197019
6197448
6198476
6198581
6200178
6200565
6203503
6206125
6206407
6207510
6207677
6208018
6208846
6210900
6211529
6212600
6212838
6213424
6220320
6221548
6221641
6222183
6222355
6222768
6225660
6225752
6228534
6228590
6229130
6229677
6230903
6231237
6232600
6232858
6232914
6262706
6262867
6263410
6264398
6266219
6266750
6268607
6271551
6271732
6271966
6272933
6273063
6273090
6273239
6276898
6276948
6277741
6278403
6278992
6283995
6286142
6286450
6286466
6287060
6287950
6289367
6289417
6289468
6290627
6291110
6292615
6292925
6293201
6294290
6304264
6304676
6304895
6305709
6307578
6308068
6308642
6309488
6310414
6311997
6312478
6313425
6341990
6343222
6343543
6345456
6345474
6346065
6346443
6352430
6356581
6356692
6357879
6358570
6359890
6363090
6365511
6365867
6368045
6368800
6370104
6370489
6370549
6371141
6371980
6372328
6373533
6380544
6380975
6381306
6382244
6382830
6383228
6383574
6383953
6384492
6385325
6385953
6387600
6390781
6391933
6421967
6422994
6423690
6424157
6425301
6426158
6428932
6428974
6429453
6429457
6429747
6430346
6430534
6430804
6430834
6431673
6431941
6440930
6442183
6443122
6444595
6447817
6448010
6448230
6448764
6449358
6450107
6450613
6451229
6451238
6452242
6462033
6462755
6464938
6465075
6465610
6467788
6468112
6470598
6471060
6500578
6500623
6501676
6502831
6503502
6504725
6505025
6508328
6508366
6508943
6516783
6519869
6520835
6521045
6521522
6522182
6526377
6527012
6528464
6528720
6528744
6528942
6529109
6530065
6530334
6530901
6531550
6531688
6531928
6543282
6543514
6545726
6547007
6547176
6549467
6550823
6579495
6579643
6579998
6580479
6586052
6586554
6587236
6587245
6587551
6587865
6590363
6590668
6591027
6591336
6592305
6593240
6593620
6593623
6594505
6595350
6603043
6603624
6604237
6605673
6605929
6606106
6606428
6606904
6609265
6610188
6610354
6610433
6610828
6612225
6612293
6612558
6612869
6613846
6614040
6614168
6614588
6615133
6629205
6629216
6630797
6631489
6632882
6634419
6634762
6664431
6664950
6665058
6665526
6666031
6666229
6668729
6671492
6677653
6678428
6678432
6678472
6679286
6679371
6680386
6680734
6681414
6688318
6688822
6689302
6689943
6690139
6693861
6696436
6700106
6700113
6701238
6705642
6707691
6714282
6716426
6717307
6718029
6718509
6751876
6752023
6755373
6755830
6755907
6756386
6756579
6756648
6756908
6757928
6761256
6761539
6762022
6762849
6764229
6765032
6766118
6766513
6767249
6768042
6768319
6768355
6768654
6776396
6776673
6777146
6777888
6777971
6779260
6779699
6780397
6780490
6783217
6783485
6784857
6785523
6786075
6786398
6791309
6792689
6802438
6804138
6805631
6806100
6836321
6836871
6837256
6837853
6838375
6838420
6838707
6843063
6843557
6843705
6848299
6848661
6849148
6849167
6849670
6849932
6850118
6850177
6850417
6851401
6851499
6853020
6853127
6853465
6853779
6854095
6854391
6859803
6860004
6861403
6863017
6863041
6864569
6864859
6864995
6866587
6871472
6871672
6871713
6876575
6877292
6878041
6878403
6878800
6887430
6888638
6888756
6889235
6890433
6922313
6922690
6922710
6922899
6923677
6924968
6925158
6928997
6929280
6929729
6933899
6934780
6935260
6935850
6936796
6937131
6937758
6939158
6940048
6946985
6947064
6947945
6948001
6949816
6951925
6952140
6952430
6953213
6955286
6955576
6955713
6955715
6957157
6960601
6960978
6961071
6963815
6963897
6964342
6966770
6967600
7006979
7007103
7007173
7008200
7008219
7009852
7014894
7017044
7018252
7019341
7019580
7020371
7020972
7022588
7023917
7024018
7025377
7025526
7025721
7031016
7033467
7034097
7036099
7036151
7037405
7038145
7039075
7044886
7045808
7048889
7049306
7049465
7049467
7049860
7050270
7052311
7053383
7092067
7092127
7093179
7097136
7098412
7098510
7100768
7100955
7103006
7103297
7103666
7103951
7106245
7107778
7108501
7108536
7109064
7109120
7109598
7115799
7116117
7117050
7118128
7118412
7118721
7119181
7119530
7119694
7119934
7121674
7122218
7122640
7122746
7131828
7133688
7138268
7138415
7174470
7174707
7175184
7175594
7175826
7175896
7176070
7177015
7178170
7183249
7184552
7186542
7187059
7188504
7189610
7190047
7191496
7191673
7191945
7199397
7200117
7201168
7202957
7204237
7204369
7205067
7206531
7206837
7207251
7211754
7213716
7213942
7215396
7215603
7215936
7215997
7216846
7217486
7222086
7255919
7258771
7259237
7259653
7264595
7264976
7265427
7266176
7266343
7266484
7268500
7269623
7270142
7271556
7273176
7273426
7273672
7273950
7273965
7281410
7281777
7282890
7283405
7286739
7287493
7289277
7293531
7293609
7294715
7295555
7295725
7296438
7297940
7299869
7300075
7300976
7303187
7305252
7335019
7335905
7337156
7337994
7338125
7341231
7345200
7345204
7345479
7346365
7346442
7347189
7348978
7349386
7350968
7351098
7351433
7352718
7352776
7354460
7364232
7365701
7366321
7367400
7368584
7374869
7375177
7376493
7376659
7378357
7379202
7381710
7382407
7383120
7383872
7384523
7386523
7420223
7421820
7422883
7428418
7429055
7429212
7429287
7429604
7430037
7430415
7430868
7430892
7431665
7435143
7439300
7439456
7439931
7445518
7445698
7446038
7446296
7446560
7448051
7448374
7448746
7449136
7450230
7450391
7456135
7457184
7462845
7464664
7465221
7465477
7465993
7466616
7467630
7468404
7468893
7499271
7500161
7500388
7501194
7502559
7510604
7513379
7515243
7515516
7515814
7516354
7516687
7518352
7522297
7522572
7522765
7523875
7529180
7529215
7530366
7531332
7532172
7533694
7533804
7533995
7534011
7538950
7539086
7540130
7543102
7543672
7546098
7547646
7547964
7548838
7549472
7552779
7581399
7583437
7583939
7584122
7584900
7585122
7585207
7585523
7587506
7591311
7591642
7591963
7592356
7593843
7594337
7594865
7595155
7595285
7595572
7596350
7597230
7597446
7598454
7599132
7601573
7601720
7601803
7602735
7603230
7605152
7605388
7610417
7611069
7611858
7613227
7617227
7618122
7619034
7619233
7619448
7619745
7620783
7621561
7622273
7622596
7623046
7626457
7628676
7630690
7631145
7631194
7659773
7661500
7661609
7661720
7661958
7662025
7662076
7662428
7663241
7667560
7667657
7668520
7668536
7668623
7668782
7668791
7669332
7670419
7670489
7670875
7670943
7671562
7672405
7672453
7672969
7673019
7673194
7674224
7677194
7677317
7677736
7678060
7678547
7679049
7680114
7680159
7684815
7684873
7687231
7687390
7690692
7690843
7691148
7693833
7693845
7694241
7696930
7697146
7698511
7698688
7698929
7699331
7700968
7701048
7702822
7703954
7729057
7729156
7730097
7731467
7732255
7732335
7732458
7732836
7734065
7739645
7739672
7741179
7741472
7743176
7743539
7744204
7747078
7747146
7748051
7748238
7748693
7756853
7760680
7760865
7764335
7764361
7766103
7771282
7771603
7778980
7798339
7799349
7799430
7799762
7800289
7800922
7802549
7802551
7807614
7808227
7810708
7811522
7812552
7816294
7819927
7821234
7831348
7833440
7833657
7834159
7837954
7838873
7841410
7842339
7846870
7847454
7847644
7847816
7848324
7867854
7868092
7868532
7869334
7870112
7871531
7872773
7877451
7878396
7879404
7880676
7880893
7881304
7884842
7887295
7887436
7887467
7887791
7888403
7889000
7889429
7890365
7891047
7901207
7902035
7902578
7903173
7904910
7905047
7905696
7906186
7907191
7909320
7910848
7914731
7917701
7919558
7935931
7936033
7936309
7936407
7938029
7939835
7940316
7940675
7941200
7944038
7946762
7948086
7948193
7948465
7949258
7949599
7950550
7953247
7954197
7954576
7955392
7955825
7956524
7956671
7957166
7957377
7959579
7959867
7966761
7967534
7973937
7974439
7974841
7975969
7976303
7976305
7976619
7979316
7983221
7985438
7986589
7988900
7989220
8004637
8005116
8006058
8006773
8007217
8007458
8008492
8009339
8012842
8013399
8013439
8016118
8016304
8016496
8017159
8018599
8018827
8019508
8022170
8023148
8026226
8026963
8027320
8027456
8027956
8028908
8037095
8037519
8039416
8041612
8042126
8042251
8045442
8045883
8046439
8051694
8053949
8055041
8055108
8055809
8056665
8057180
8073932
8077137
8078554
8081278
8081535
8081853
8082913
8085964
8086192
8087067
8088244
8090356
8090764
8091157
8094277
8094889
8094948
8095742
8097384
8097831
8097926
8099073
8099075
8104771
8106525
8106950
8107079
8107227
8107355
8107831
8110811
8112039
8112523
8114155
8114876
8114988
8120076
8123843
8124622
8126282
8127465
8129047
8129619
8144529
8145152
8145176
8145311
8145590
8146477
8149336
8150065
8153795
8154383
8154541
8159485
8159988
8160074
8160089
8160175
8160419
8160428
8160590
8160637
8161798
8162514
8163861
8164977
8165444
8166918
8167286
8167335
8167938
8172720
8173148
8173725
8174170
8174981
8175027
8175438
8176543
8176564
8176733
8176777
8177087
8179536
8179643
8179973
8180580
8181700
8188772
8189641
8192986
8195153
8195595
8196436
8197210
8197719
8210270
8210370
8212002
8212479
8212786
8213984
8216936
8218419
8218803
8219125
8222189
8222685
8222691
8223197
8225819
8225926
8226149
8228742
8230025
8230578
8230626
8231149
8231947
8232851
8233917
8234900
8235013
8235448
8241402
8241455
8246635
8248948
8249189
8250333
8250489
8255951
8255956
8256020
8258311
8259226
8260453
8264006
8264549
8264592
8265098
8265278
8278906
8280629
8283356
8283646
8283958
8284032
8284510
8284682
8285025
8285510
8285712
8289241
8292681
8292840
8293158
8293291
8293686
8294303
8294679
8296709
8297376
8298041
8298626
8299922
8300747
8307149
8307548
8307630
8309890
8310792
8311102
8314240
8314514
8316388
8316412
8321101
8321567
8324268
8324636
8325764
8327158
8328014
8328348
8329095
8329894
8330598
8343654
8345951
8346238
8346342
8348765
8349350
8349736
8350026
8350443
8350645
8351193
8352976
8354896
8359169
8360349
8360947
8362163
8362899
8363272
8363443
8363533
8363613
8364363
8364751
8364786
8365018
8365782
8365908
8366239
8366486
8367146
8367661
8367710
8367834
8374104
8375240
8377116
8377200
8378462
8378545
8378653
8380242
8381505
8382182
8386537
8386623
8386982
8387412
8388399
8389200
8389387
8389948
8390826
8391021
8391532
8391621
8391713
8394035
8394497
8394589
8394780
8395153
8395466
8395903
8396782
8397081
8408819
8408920
8408931
8409983
8410006
8410637
8410818
8411503
8413996
8414062
8414116
8414518
8415109
8415501
8415616
8415752
8416311
8416447
8417184
8423639
8424298
8424992
8426743
8426901
8427166
8427933
8428063
8428756
8429280
8429382
8429471
8430105
8431695
8431917
8431946
8432219
8432239
8439566
8441160
8442289
8442729
8444341
8445814
8451143
8451410
8451868
8453324
8453722
8454209
8458124
8458459
8458519
8459899
8460634
8461449
8461659
8462775
8462934
8475025
8475511
8476245
8476554
8478436
8478994
8479182
8479383
8479780
8480446
8481006
8482522
8482634
8482944
8487905
8489832
8490583
8491080
8491147
8493735
8493800
8493827
8493969
8494160
8494839
8495082
8495626
8495760
8496527
8499940
8505072
8506788
8506816
8507295
8507397
8510560
8515227
8515390
8516008
8516686
8517303
8517827
8518402
8522040
8522971
8524425
8524633
8525359
8526108
8527188
8539201
8540384
8540615
8540767
8543200
8545291
8545504
8545861
8546146
8546721
8547366
8547469
8554498
8555588
8555914
8556671
8556766
8558038
8559252
8560861
8560921
8560996
8561221
8561238
8564559
8565016
8565229
8569885
8569991
8570577
8573783
8573846
8574769
8575147
8579578
8580394
8580402
8580595
8583586
8583770
8584513
8586983
8587329
8587948
8589163
8590391
8590920
8591738
8605197
8607581
8607720
8608260
8610579
8611114
8611833
8612241
8612520
8613105
8613120
8613617
8617695
8619283
8619322
8620449
8620490
8621290
8621637
8621785
8622860
8623179
8623829
8623953
8624155
8624940
8625632
8628585
8635595
8645227
8646460
8648671
8649099
8649198
8652398
8654400
8655712
8656342
8669014
8669282
8671819
8671972
8673221
8674581
8675106
8675885
8676094
8676927
8677016
8677342
8677585
8683779
8684860
8686058
8686389
8686824
8688300
8689860
8690009
8692626
8693004
8693018
8694723
8696343
8700771
8702088
8702606
8702863
8702921
8703041
8703413
8703887
8707667
8708536
8708650
8708654
8710947
8712103
8712760
8714886
8715564
8715617
8718273
8718745
8720055
8733402
8737032
8737047
8737094
8737501
8737920
8738244
8738809
8738834
8739118
8739290
8740371
8741839
8742013
8742545
8747357
8747415
8747880
8748059
8748278
8748290
8748436
8750029
8750438
8751392
8751503
8752893
8753234
8753728
8753966
8754075
8758700
8759207
8759746
8759811
8760414
8761471
8766405
8771414
8776961
8780467
8782196
8782636
8802374
8802782
8803432
8804395
8805565
8805663
8806223
8813509
8814586
8816525
8816903
8817343
8817365
8817551
8818252
8819748
8822689
8822878
8823568
8824264
8824452
8825444
8826079
8826496
8827367
8827646
8827934
8836830
8840004
8840992
8843610
8845312
8845313
8845321
8846187
8846245
8846809
8848288
8866102
8867740
8868312
8868481
8868650
8868929
8870432
8871304
8872434
8872709
8872979
8873090
8873797
8879518
8880153
8880420
8881697
8883394
8885638
8888719
8890410
8895336
8908506
8909673
8911394
8911558
8914504
8914923
8915084
8915335
8915786
8933391
8934264
8934853
8935997
8936409
8937073
8938364
8940851
8940939
8941202
8946162
8946619
8946700
8947708
8947729
8948403
8949653
8950146
8951178
8951252
8952800
8955683
8956017
8957543
8959062
8959259
8962844
8962923
8964218
8964935
8973815
8973900
8976283
8978113
8984044
8984819
9002344
9002777
9002805
9002884
9003765
9004448
9004818
9005973
9007080
9008125
9008270
9009158
9009805
9009957
9015738
9016901
9016915
9019877
9020037
9020199
9020419
9021204
9021464
9024483
9024667
9025029
9025370
9025882
9026209
9026479
9026685
9027245
9027871
9028221
9028293
9028321
9028511
9028697
9029195
9029603
9032691
9034557
9048114
9048949
9049147
9049593
9051235
9072262
9073645
9073950
9075225
9075872
9076584
9076686
9076843
9077453
9077844
9079989
9080175
9080407
9080445
9080606
9085007
9086060
9088119
9091772
9093289
9096899
9098294
9099927
9100325
9100444
9108045
9109244
9109723
9109988
9110060
9112472
9115334
9116461
9119139
9119915
9138411
9138680
9139151
9139163
9139859
9141584
9142574
9143749
9143808
9143834
9143855
9143868
9145781
9145952
9145955
9146245
9146423
9147002
9147335
9150095
9151007
9151079
9151578
9151763
9154402
9157245
9157260
9159227
9160995
9161068
9161286
9161998
9162016
9163153
9163769
9163785
9166023
9172292
9172981
9173371
9176207
9176522
9177472
9180003
9181877
9201604
9201644
9202077
9202350
9202960
9202995
9204313
9204718
9204851
9205705
9206432
9209245
9210116
9210256
9210413
9211401
9214131
9217456
9217521
9217736
9220076
9221678
9222389
9222948
9225600
9226335
9226926
9228469
9229601
9237288
9239082
9240941
9243306
9244091
9244428
9245283
9246190
9246715
9265513
9266926
9268197
9269302
9269772
9273073
9273544
9273647
9273827
9274044
9274563
9277886
9278405
9279769
9282363
9283816
9283918
9286851
9287845
9288026
9289275
9290858
9291249
9291618
9291830
9291976
9292130
9292180
9292408
9300159
9303109
9303751
9304549
9304797
9305540
9306046
9307073
9307354
9327993
9328135
9328372
9328682
9328774
9329058
9329200
9329384
9329519
9332840
9333184
9333250
9333290
9333501
9334323
9334554
9334666
9335457
9335518
9335570
9335972
9336090
9339398
9340114
9340539
9340993
9341164
9341449
9344639
9346602
9349245
9349632
9349690
9350031
9350701
9351186
9351617
9353187
9353531
9353712
9353859
9363969
9364778
9364901
9367236
9388435
9388523
9389234
9389690
9390017
9390100
9390293
9390670
9391335
9391395
9392039
9392650
9392839
9392933
9394953
9395246
9395535
9396095
9396359
9396363
9397064
9397110
9405269
9405480
9405555
9406415
9406596
9406638
9408361
9408590
9409513
9410862
9411366
9412305
9412408
9413057
9414068
9414381
9414417
9415248
9426660
9427247
9427889
9427961
9430402
9430786
9446628
9447134
9447310
9447427
9450786
9451434
9451604
9451706
9451741
9451999
9452570
9453362
9453452
9455860
9456153
9456214
9456478
9456598
9456623
9457728
9457852
9458636
9467117
9468199
9468475
9468847
9469165
9470055
9470276
9471284
9471796
9472076
9472481
9474021
9475697
9479404
9480874
9488603
9491305
9491316
9492074
9508346
9509296
9511938
9512063
9513046
9513182
9516748
9516796
9517003
9517542
9517698
9517713
9518506
9518710
9518802
9519051
9519609
9519632
9519698
9519964
9520156
9520285
9520864
9521327
9521461
9521501
9521696
9529974
9530396
9532518
9532903
9533354
9534041
9534934
9535050
9535399
9536330
9540226
9541437
9542218
9542776
9550045
9551036
9551807
9569162
9569462
9569479
9570409
9573389
9574272
9574283
9574650
9574730
9575645
9575803
9576189
9578763
9579009
9579208
9579328
9579357
9579778
9579860
9580171
9580991
9581296
9581445
9581917
9582005
9582638
9582784
9583430
9583607
9583690
9583720
9589140
9589500
9589638
9590062
9591097
9592705
9595822
9596106
9596469
9596639
9597214
9598448
9602917
9603366
9604524
9604728
9605294
9605929
9606195
9611634
9612084
9612990
9631844
9634962
9635388
9635603
9635649
9635876
9636300
9640480
9640886
9641246
9641484
9641636
9641772
9641837
9642846
9643914
9644337
9644558
9645361
9650046
9650390
9650527
9650881
9652704
9655101
9655167
9656523
9657917
9658002
9658072
9658793
9662343
9662395
9662751
9663677
9664694
9666306
9666718
9667668
9667930
9673293
9673317
9691826
9692529
9693187
9693282
9696358
9696716
9696853
9697078
9697131
9697556
9698133
9699848
9700053
9700430
9700679
9700899
9701685
9702057
9702369
9702752
9702841
9704774
9705408
9705636
9705687
9706194
9706209
9706585
9711231
9711269
9711349
9711492
9711510
9712445
9712510
9712888
9713083
9713617
9714063
9715163
9716522
9716866
9718024
9724324
9724882
9726045
9726370
9726814
9727392
9727675
9728284
9728845
9752290
9754133
9754284
9754625
9757640
9757679
9758145
9758246
9760904
9761597
9761625
9763021
9763419
9763796
9764544
9764568
9764708
9764758
9764820
9764965
9765062
9766906
9767051
9767332
9771905
9772366
9772586
9773512
9774549
9775516
9775927
9777293
9777536
9777988
9778067
9778288
9778469
9780183
9782810
9782817
9783226
9783807
9785675
9786625
9786910
9787503
9787965
9788260
9788834
9790050
9790857
9791157
9791929
9811950
9812351
9812421
9812850
9814943
9815488
9818269
9818513
9818564
9818604
9820702
9821513
9821783
9821863
9824132
9824516
9824673
9824902
9825039
9825327
9825822
9827381
9832782
9833073
9835436
9835626
9835790
9835837
9836930
9838510
9839246
9839918
9843358
9843486
9845323
9845573
9846355
9846877
9847893
9848308
9849065
9851021
9851743
9852480
9852964
9872108
9872292
9873116
9873753
9874181
9880324
9880457
9880787
9881167
9881628
9882446
9882550
9882766
9883123
9883214
9883389
9884818
9885172
9886349
9892609
9893437
9893470
9893889
9896174
9896877
9897254
9898999
9899216
9902808
9902962
9903271
9903290
9903915
9903947
9904034
9904563
9906278
9906804
9907147
9908198
9908400
9908496
9909804
9910166
9910430
9910544
9910758
9932339
9933239
9934910
9936571
9940675
9941090
9941141
9941242
9941662
9942292
9942338
9942816
9943018
9944140
9944438
9944502
9945290
9946067
9946773
9947085
9947390
9955598
9956345
9957219
9958522
9958567
9962623
9962849
9963896
9963898
9964891
9965286
9965582
9965715
9966796
9966823
9967174
9967351
9967382
9967700
9967817
9968040
9968249
9970396
9970454
9970467
9970830
9971795
9972782
9994771
9994798
9995162
9995535
